0 0 -32.8576
0 1 3.42716
0 60 3.5032
1 0 3.42716
1 1 -48.1877
1 2 2.12738
1 61 2.20457
2 1 2.12738
2 2 -22.856
2 3 0.673215
2 62 9.27732
3 2 0.673215
3 3 -8.43969
3 4 0.686448
3 63 3.49028
4 3 0.686448
4 4 -12.7591
4 5 0.390667
4 64 0.00272712
5 4 0.390667
5 5 -2.39387
5 6 0.197934
5 65 0.00122161
6 5 0.197934
6 6 -1.60967
6 7 0.000431127
6 66 0.000342457
7 6 0.000431127
7 7 -0.00326235
7 8 0.000263412
7 67 0.000841193
8 7 0.000263412
8 8 -0.00467446
8 9 0.000489681
8 68 0.00121807
9 8 0.000489681
9 9 -0.00845188
9 10 0.000364296
9 69 0.000486443
10 9 0.000364296
10 10 -0.00404968
10 11 0.00036755
10 70 0.00148511
11 10 0.00036755
11 11 -0.0103863
11 12 0.00111029
11 71 0.00147591
12 11 0.00111029
12 12 -0.0143493
12 13 0.00084514
12 72 0.00135932
13 12 0.00084514
13 13 -0.0112755
13 14 0.000688068
13 73 0.00486859
14 13 0.000688068
14 14 -0.0149089
14 15 0.00157991
14 74 0.00631784
15 14 0.00157991
15 15 -19.1221
15 16 1.24738
15 75 6.17469
16 15 1.24738
16 16 -17.0949
16 17 1.75368
16 76 5.39352
17 16 1.75368
17 17 -61.5546
17 18 0.758648
17 77 22.8356
18 17 0.758648
18 18 -7.3459
18 19 0.0844464
18 78 3.19061
19 18 0.0844464
19 19 -0.767804
19 20 0.0365597
19 79 0.270651
20 19 0.0365597
20 20 -0.310771
20 21 0.0338622
20 80 0.00109138
21 20 0.0338622
21 21 -0.377038
21 22 0.0268711
21 81 0.00412426
22 21 0.0268711
22 22 -0.220978
22 23 0.0283198
22 82 0.00186367
23 22 0.0283198
23 23 -0.447573
23 24 0.0496502
23 83 0.00294651
24 23 0.0496502
24 24 -0.536689
24 25 0.0515465
24 84 0.00219233
25 24 0.0515465
25 25 -0.594455
25 26 0.0607761
25 85 0.08876
26 25 0.0607761
26 26 -0.962028
26 27 0.138079
26 86 0.126773
27 26 0.138079
27 27 -5.31378
27 28 0.77596
27 87 0.219401
28 27 0.77596
28 28 -14.2847
28 29 0.986815
28 88 0.468924
29 28 0.986815
29 29 -9.01881
29 30 0.347109
29 89 1.81542
30 29 0.347109
30 30 -3.51609
30 31 0.306563
30 90 1.04378
31 30 0.306563
31 31 -7.41674
31 32 0.702901
31 91 2.64265
32 31 0.702901
32 32 -16.3218
32 33 1.1722
32 92 3.34028
33 32 1.1722
33 33 -12.1238
33 34 0.72405
33 93 2.11298
34 33 0.72405
34 34 -7.93405
34 35 0.34544
34 94 2.36096
35 34 0.34544
35 35 -2.75818
35 36 0.416407
35 95 0.00299114
36 35 0.416407
36 36 -11.5854
36 37 1.03584
36 96 0.00180984
37 36 1.03584
37 37 -9.30997
37 38 1.26241
37 97 0.00135322
38 37 1.26241
38 38 -19.6983
38 39 0.380254
38 98 0.00095127
39 38 0.380254
39 39 -2.43313
39 40 0.389265
39 99 0.00266739
40 39 0.389265
40 40 -30.6368
40 41 5.3413
40 100 0.0105966
41 40 5.3413
41 41 -156.02
41 42 0.00059912
41 101 0.0151353
42 41 0.00059912
42 42 -0.00461463
42 43 0.000285136
42 102 0.00133385
43 42 0.000285136
43 43 -0.00358387
43 44 0.000366043
43 103 0.000756427
44 43 0.000366043
44 44 -0.00692102
44 45 0.000564751
44 104 0.00151549
45 44 0.000564751
45 45 -0.00995835
45 46 0.000271345
45 105 0.00456014
46 45 0.000271345
46 46 -0.00333935
46 47 0.000219622
46 106 0.00142416
47 46 0.000219622
47 47 -0.00511281
47 48 0.000308011
47 107 0.00229254
48 47 0.000308011
48 48 -0.00586581
48 49 0.000231345
48 108 0.0026632
49 48 0.000231345
49 49 -0.00324939
49 50 0.000181855
49 109 0.00141807
50 49 0.000181855
50 50 -0.00354115
50 51 0.000373016
50 110 0.00149276
51 50 0.000373016
51 51 -2.31653
51 52 0.294877
51 111 0.488721
52 51 0.294877
52 52 -6.56405
52 53 0.283203
52 112 0.865853
53 52 0.283203
53 53 -2.89583
53 54 0.280846
53 113 0.877129
54 53 0.280846
54 54 -9.22966
54 55 0.65434
54 114 3.36149
55 54 0.65434
55 55 -9.59096
55 56 0.991727
55 115 2.36911
56 55 0.991727
56 56 -18.6725
56 57 1.76713
56 116 2.16576
57 56 1.76713
57 57 -20.7713
57 58 2.40283
57 117 2.05244
58 57 2.40283
58 58 -35.1391
58 59 2.20514
58 118 2.21057
59 58 2.20514
59 59 -22.3528
59 119 4.13469
60 0 3.5032
60 60 -4.93267
60 61 0.375314
60 120 0.000369468
61 1 2.20457
61 60 0.375314
61 61 -3.14381
61 62 0.563219
61 121 0.000705726
62 2 9.27732
62 61 0.563219
62 62 -20.7376
62 63 10.8946
62 122 0.00247089
63 3 3.49028
63 62 10.8946
63 63 -14.3862
63 64 0.000681925
63 123 0.000701356
64 4 0.00272712
64 63 0.000681925
64 64 -0.00537226
64 65 0.000211035
64 124 0.00175218
65 5 0.00122161
65 64 0.000211035
65 65 -0.00256277
65 66 6.68914e-05
65 125 0.00106323
66 6 0.000342457
66 65 6.68914e-05
66 66 -0.000782041
66 67 7.08418e-05
66 126 0.000301851
67 7 0.000841193
67 66 7.08418e-05
67 67 -0.00251724
67 68 0.000235699
67 127 0.00136951
68 8 0.00121807
68 67 0.000235699
68 68 -0.00377518
68 69 0.000105656
68 128 0.00221576
69 9 0.000486443
69 68 0.000105656
69 69 -0.00123661
69 70 0.000122379
69 129 0.00052213
70 10 0.00148511
70 69 0.000122379
70 70 -0.00975543
70 71 0.000372735
70 130 0.0077752
71 11 0.00147591
71 70 0.000372735
71 71 -0.00389813
71 72 0.00021043
71 131 0.00183906
72 12 0.00135932
72 71 0.00021043
72 72 -0.00350519
72 73 0.000387447
72 132 0.00154799
73 13 0.00486859
73 72 0.000387447
73 73 -2.67378
73 74 0.727106
73 133 1.94142
74 14 0.00631784
74 73 0.727106
74 74 -8.36174
74 75 1.21
74 134 6.41831
75 15 6.17469
75 74 1.21
75 75 -19.3594
75 76 1.70138
75 135 10.2733
76 16 5.39352
76 75 1.70138
76 76 -10.964
76 77 2.88545
76 136 0.983637
77 17 22.8356
77 76 2.88545
77 77 -36.4833
77 78 9.03257
77 137 1.72959
78 18 3.19061
78 77 9.03257
78 78 -14.2954
78 79 0.238606
78 138 1.83357
79 19 0.270651
79 78 0.238606
79 79 -1.19111
79 80 0.000273784
79 139 0.681575
80 20 0.00109138
80 79 0.000273784
80 80 -0.0026769
80 81 0.000217135
80 140 0.0010946
81 21 0.00412426
81 80 0.000217135
81 81 -0.00883275
81 82 0.000324785
81 141 0.00416656
82 22 0.00186367
82 81 0.000324785
82 82 -0.00436142
82 83 0.000288306
82 142 0.00188467
83 23 0.00294651
83 82 0.000288306
83 83 -0.0065188
83 84 0.000316262
83 143 0.00296772
84 24 0.00219233
84 83 0.000316262
84 84 -0.0052524
84 85 0.00054048
84 144 0.00220333
85 25 0.08876
85 84 0.00054048
85 85 -0.21988
85 86 0.0166212
85 145 0.113958
86 26 0.126773
86 85 0.0166212
86 86 -0.323227
86 87 0.0235063
86 146 0.156327
87 27 0.219401
87 86 0.0235063
87 87 -0.283944
87 88 0.0392574
87 147 0.00177924
88 28 0.468924
88 87 0.0392574
88 88 -0.612683
88 89 0.102879
88 148 0.00162298
89 29 1.81542
89 88 0.102879
89 89 -2.23641
89 90 0.316994
89 149 0.0011179
90 30 1.04378
90 89 0.316994
90 90 -1.84224
90 91 0.479871
90 150 0.00160031
91 31 2.64265
91 90 0.479871
91 91 -3.90252
91 92 0.776121
91 151 0.00387832
92 32 3.34028
92 91 0.776121
92 92 -4.56414
92 93 0.446933
92 152 0.000800926
93 33 2.11298
93 92 0.446933
93 93 -3.02684
93 94 0.453275
93 153 0.0136571
94 34 2.36096
94 93 0.453275
94 94 -2.82376
94 95 0.000748458
94 154 0.0087794
95 35 0.00299114
95 94 0.000748458
95 95 -0.007017
95 96 0.000282086
95 155 0.00299532
96 36 0.00180984
96 95 0.000282086
96 96 -0.00409559
96 97 0.000193607
96 156 0.00181006
97 37 0.00135322
97 96 0.000193607
97 97 -0.0030399
97 98 0.000139664
97 157 0.00135341
98 38 0.00095127
98 97 0.000139664
98 98 -0.00221759
98 99 0.000175381
98 158 0.000951271
99 39 0.00266739
99 98 0.000175381
99 99 -0.00604676
99 100 0.000533475
99 159 0.00267051
100 40 0.0105966
100 99 0.000533475
100 100 -0.0231527
100 101 0.00155867
100 160 0.0104639
101 41 0.0151353
101 100 0.00155867
101 101 -0.031984
101 102 0.000627349
101 161 0.0146627
102 42 0.00133385
102 101 0.000627349
102 102 -0.00516184
102 103 0.000209216
102 162 0.00299143
103 43 0.000756427
103 102 0.000209216
103 103 -0.0023147
103 104 0.000192474
103 163 0.00115659
104 44 0.00151549
104 103 0.000192474
104 104 -0.00455638
104 105 0.000572775
104 164 0.00227564
105 45 0.00456014
105 104 0.000572775
105 105 -2.36934
105 106 2.04051
105 165 0.323691
106 46 0.00142416
106 105 2.04051
106 106 -7.49723
106 107 5.30909
106 166 0.146207
107 47 0.00229254
107 106 5.30909
107 107 -14.2632
107 108 8.63119
107 167 0.320616
108 48 0.0026632
108 107 8.63119
108 108 -16.6575
108 109 7.43875
108 168 0.5849
109 49 0.00141807
109 108 7.43875
109 109 -10.8631
109 110 0.682021
109 169 2.74093
110 50 0.00149276
110 109 0.682021
110 110 -0.827993
110 111 0.144034
110 170 0.000445412
111 51 0.488721
111 110 0.144034
111 111 -0.739286
111 112 0.106235
111 171 0.000296018
112 52 0.865853
112 111 0.106235
112 112 -1.15078
112 113 0.177022
112 172 0.00166954
113 53 0.877129
113 112 0.177022
113 113 -1.51421
113 114 0.456703
113 173 0.00335201
114 54 3.36149
114 113 0.456703
114 114 -4.55943
114 115 0.740692
114 174 0.000545292
115 55 2.36911
115 114 0.740692
115 115 -3.50876
115 116 0.395729
115 175 0.0032311
116 56 2.16576
116 115 0.395729
116 116 -5.03827
116 117 0.309604
116 176 2.16717
117 57 2.05244
117 116 0.309604
117 117 -4.72902
117 118 0.299203
117 177 2.06777
118 58 2.21057
118 117 0.299203
118 118 -2.94303
118 119 0.430398
118 178 0.00286735
119 59 4.13469
119 118 0.430398
119 119 -6.09178
119 179 0.000386316
120 60 0.000369468
120 120 -0.000751661
120 121 6.06368e-05
120 180 0.000229181
121 61 0.000705726
121 120 6.06368e-05
121 121 -0.00121356
121 122 0.000137268
121 181 0.000309927
122 62 0.00247089
122 121 0.000137268
122 122 -0.00335543
122 123 0.000136575
122 182 0.000610698
123 63 0.000701356
123 122 0.000136575
123 123 -0.0016919
123 124 0.000153382
123 183 0.00070059
124 64 0.00175218
124 123 0.000153382
124 124 -0.0075325
124 125 0.000765434
124 184 0.00486151
125 65 0.00106323
125 124 0.000765434
125 125 -0.0102995
125 126 0.000484481
125 185 0.00798639
126 66 0.000301851
126 125 0.000484481
126 126 -0.00377692
126 127 0.000486297
126 186 0.00250429
127 67 0.00136951
127 126 0.000486297
127 127 -0.011841
127 128 0.00206904
127 187 0.00791617
128 68 0.00221576
128 127 0.00206904
128 128 -0.757245
128 129 0.674539
128 188 0.0784214
129 69 0.00052213
129 128 0.674539
129 129 -1.48261
129 130 0.247266
129 189 0.560282
130 70 0.0077752
130 129 0.247266
130 130 -1.05353
130 131 0.15135
130 190 0.64714
131 71 0.00183906
131 130 0.15135
131 131 -0.582388
131 132 0.145971
131 191 0.283229
132 72 0.00154799
132 131 0.145971
132 132 -0.818271
132 133 0.197839
132 192 0.472913
133 73 1.94142
133 132 0.197839
133 133 -5.36039
133 134 0.764378
133 193 2.45675
134 74 6.41831
134 133 0.764378
134 134 -15.9914
134 135 5.3726
134 194 3.43615
135 75 10.2733
135 134 5.3726
135 135 -19.3122
135 136 0.258522
135 195 3.40777
136 76 0.983637
136 135 0.258522
136 136 -2.26145
136 137 0.165765
136 196 0.853526
137 77 1.72959
137 136 0.165765
137 137 -3.55953
137 138 0.228128
137 197 1.43604
138 78 1.83357
138 137 0.228128
138 138 -3.96065
138 139 0.259116
138 198 1.63983
139 79 0.681575
139 138 0.259116
139 139 -1.07471
139 140 0.130819
139 199 0.00319972
140 80 0.0010946
140 139 0.130819
140 140 -0.249213
140 141 0.112517
140 200 0.00478223
141 81 0.00416656
141 140 0.112517
141 141 -0.407229
141 142 0.289277
141 201 0.00126872
142 82 0.00188467
142 141 0.289277
142 142 -0.882363
142 143 0.590122
142 202 0.0010798
143 83 0.00296772
143 142 0.590122
143 143 -1.34565
143 144 0.751678
143 203 0.000884204
144 84 0.00220333
144 143 0.751678
144 144 -3.79379
144 145 3.0372
144 204 0.00271241
145 85 0.113958
145 144 3.0372
145 145 -5.06138
145 146 1.90861
145 205 0.00161873
146 86 0.156327
146 145 1.90861
146 146 -2.06586
146 147 0.000448191
146 206 0.000471682
147 87 0.00177924
147 146 0.000448191
147 147 -0.00423288
147 148 0.000213344
147 207 0.0017921
148 88 0.00162298
148 147 0.000213344
148 148 -0.00363008
148 149 0.000165755
148 208 0.001628
149 89 0.0011179
149 148 0.000165755
149 149 -0.00256635
149 150 0.000164623
149 209 0.00111806
150 90 0.00160031
150 149 0.000164623
150 150 -0.00364857
150 151 0.000283383
150 210 0.00160025
151 91 0.00387832
151 150 0.000283383
151 151 -0.00820528
151 152 0.000165994
151 211 0.00387758
152 92 0.000800926
152 151 0.000165994
152 152 -0.00195707
152 153 0.000189219
152 212 0.00080093
153 93 0.0136571
153 152 0.000189219
153 153 -0.0288356
153 154 0.00133995
153 213 0.0136494
154 94 0.0087794
154 153 0.00133995
154 154 -0.0210562
154 155 0.00219804
154 214 0.0087388
155 95 0.00299532
155 154 0.00219804
155 155 -5.10446
155 156 3.72254
155 215 1.37673
156 96 0.00181006
156 155 3.72254
156 156 -8.67379
156 157 3.54801
156 216 1.40143
157 97 0.00135341
157 156 3.54801
157 157 -26.5393
157 158 2.67881
157 217 20.3111
158 98 0.000951271
158 157 2.67881
158 158 -20.4469
158 159 1.14863
158 218 16.6185
159 99 0.00267051
159 158 1.14863
159 159 -6.71191
159 160 0.178444
159 219 5.38217
160 100 0.0104639
160 159 0.178444
160 160 -1.06245
160 161 0.0741095
160 220 0.799429
161 101 0.0146627
161 160 0.0741095
161 161 -0.531992
161 162 0.0627037
161 221 0.380517
162 102 0.00299143
162 161 0.0627037
162 162 -0.503601
162 163 0.0630788
162 222 0.374827
163 103 0.00115659
163 162 0.0630788
163 163 -0.404312
163 164 0.0483309
163 223 0.291746
164 104 0.00227564
164 163 0.0483309
164 164 -0.298695
164 165 0.0412933
164 224 0.206795
165 105 0.323691
165 164 0.0412933
165 165 -0.501581
165 166 0.0254934
165 225 0.111103
166 106 0.146207
166 165 0.0254934
166 166 -0.302052
166 167 0.0252232
166 226 0.105129
167 107 0.320616
167 166 0.0252232
167 167 -0.593043
167 168 0.0520864
167 227 0.195117
168 108 0.5849
168 167 0.0520864
168 168 -0.761479
168 169 0.122493
168 228 0.00199914
169 109 2.74093
169 168 0.122493
169 169 -2.86402
169 170 0.000111353
169 229 0.00048342
170 110 0.000445412
170 169 0.000111353
170 170 -0.000865532
170 171 4.44717e-05
170 230 0.000264295
171 111 0.000296018
171 170 4.44717e-05
171 171 -0.00067618
171 172 6.28964e-05
171 231 0.000272794
172 112 0.00166954
172 171 6.28964e-05
172 172 -0.00282533
172 173 0.000279054
172 232 0.000813837
173 113 0.00335201
173 172 0.000279054
173 173 -0.00415043
173 174 0.000117279
173 233 0.000402088
174 114 0.000545292
174 173 0.000117279
174 174 -0.000925753
174 175 0.000116657
174 234 0.000146524
175 115 0.0032311
175 174 0.000116657
175 175 -0.00738833
175 176 0.000808221
175 235 0.00323235
176 116 2.16717
176 175 0.000808221
176 176 -13.5775
176 177 1.81739
176 236 9.59217
177 117 2.06777
177 176 1.81739
177 177 -12.9111
177 178 0.000717561
177 237 9.02524
178 118 0.00286735
178 177 0.000717561
178 178 -0.00654022
178 179 8.51287e-05
178 238 0.00287018
179 119 0.000386316
179 178 8.51287e-05
179 179 -0.000954365
179 239 0.000386336
180 120 0.000229181
180 180 -0.00105553
180 181 7.2108e-05
180 240 0.000603368
181 121 0.000309927
181 180 7.2108e-05
181 181 -0.00095323
181 182 8.21614e-05
181 241 0.000489034
182 122 0.000610698
182 181 8.21614e-05
182 182 -0.00170657
182 183 0.000202538
182 242 0.000811169
183 123 0.00070059
183 182 0.000202538
183 183 -0.690409
183 184 0.0794367
183 243 0.610069
184 124 0.00486151
184 183 0.0794367
184 184 -0.75911
184 185 0.058158
184 244 0.616654
185 125 0.00798639
185 184 0.058158
185 185 -0.446477
185 186 0.0293717
185 245 0.35096
186 126 0.00250429
186 185 0.0293717
186 186 -0.162888
186 187 0.0216463
186 246 0.109366
187 127 0.00791617
187 186 0.0216463
187 187 -0.161001
187 188 0.0137015
187 247 0.117737
188 128 0.0784214
188 187 0.0137015
188 188 -0.181225
188 189 0.0176481
188 248 0.0714538
189 129 0.560282
189 188 0.0176481
189 189 -0.881963
189 190 0.107804
189 249 0.196229
190 130 0.64714
190 189 0.107804
190 190 -1.1745
190 191 0.0730103
190 250 0.346549
191 131 0.283229
191 190 0.0730103
191 191 -0.421523
191 192 0.0635713
191 251 0.00171249
192 132 0.472913
192 191 0.0635713
192 192 -0.736923
192 193 0.198738
192 252 0.00170058
193 133 2.45675
193 192 0.198738
193 193 -8.63777
193 194 0.673853
193 253 5.30842
194 134 3.43615
194 193 0.673853
194 194 -6.03538
194 195 0.464738
194 254 1.46064
195 135 3.40777
195 194 0.464738
195 195 -7.09553
195 196 0.501985
195 255 2.72104
196 136 0.853526
196 195 0.501985
196 196 -4.24939
196 197 0.694819
196 256 2.19906
197 137 1.43604
197 196 0.694819
197 197 -7.68267
197 198 1.18878
197 257 4.36304
198 138 1.63983
198 197 1.18878
198 198 -8.6612
198 199 0.00080084
198 258 5.8318
199 139 0.00319972
199 198 0.00080084
199 199 -0.00600547
199 200 0.000481025
199 259 0.00152388
200 140 0.00478223
200 199 0.000481025
200 200 -0.00554498
200 201 0.000251236
200 260 3.04858e-05
201 141 0.00126872
201 200 0.000251236
201 201 -0.00200633
201 202 0.000145906
201 261 0.000340465
202 142 0.0010798
202 201 0.000145906
202 202 -0.00153647
202 203 0.000121558
202 262 0.000189208
203 143 0.000884204
203 202 0.000121558
203 203 -0.00163354
203 204 0.000166744
203 263 0.000461039
204 144 0.00271241
204 203 0.000166744
204 204 -0.00342017
204 205 0.000253456
204 264 0.000287561
205 145 0.00161873
205 204 0.000253456
205 205 -0.00266765
205 206 9.13172e-05
205 265 0.000704147
206 146 0.000471682
206 205 9.13172e-05
206 206 -0.000821486
206 207 0.000117909
206 266 0.000140578
207 147 0.0017921
207 206 0.000117909
207 207 -0.818236
207 208 0.570759
207 267 0.245568
208 148 0.001628
208 207 0.570759
208 208 -1.30461
208 209 0.61705
208 268 0.115174
209 149 0.00111806
209 208 0.61705
209 209 -1.72026
209 210 0.364303
209 269 0.737784
210 150 0.00160025
210 209 0.364303
210 210 -1.22741
210 211 0.41967
210 270 0.441839
211 151 0.00387758
211 210 0.41967
211 211 -2.35062
211 212 0.685793
211 271 1.24128
212 152 0.00080093
212 211 0.685793
212 212 -2.55423
212 213 0.421328
212 272 1.4463
213 153 0.0136494
213 212 0.421328
213 213 -2.62171
213 214 0.222854
213 273 1.96388
214 154 0.0087388
214 213 0.222854
214 214 -1.47106
214 215 0.17595
214 274 1.06352
215 155 1.37673
215 214 0.17595
215 215 -2.72434
215 216 0.182115
215 275 0.989545
216 156 1.40143
216 215 0.182115
216 216 -3.05507
216 217 0.361099
216 276 1.11042
217 157 20.3111
217 216 0.361099
217 217 -42.8467
217 218 15.5442
217 277 6.63027
218 158 16.6185
218 217 15.5442
218 218 -40.9943
218 219 8.82725
218 278 0.00442018
219 159 5.38217
219 218 8.82725
219 219 -21.2156
219 220 7.0048
219 279 0.00139046
220 160 0.799429
220 219 7.0048
220 220 -8.30193
220 221 0.494548
220 280 0.00314768
221 161 0.380517
221 220 0.494548
221 221 -1.06753
221 222 0.191001
221 281 0.001465
222 162 0.374827
222 221 0.191001
222 222 -1.78432
222 223 0.117248
222 282 1.10124
223 163 0.291746
223 222 0.117248
223 223 -1.17393
223 224 0.0808889
223 283 0.684051
224 164 0.206795
224 223 0.0808889
224 224 -0.854808
224 225 0.0321249
224 284 0.534998
225 165 0.111103
225 224 0.0321249
225 225 -0.337846
225 226 0.0287146
225 285 0.165904
226 166 0.105129
226 225 0.0287146
226 226 -0.540406
226 227 0.0529015
226 286 0.353662
227 167 0.195117
227 226 0.0529015
227 227 -0.690008
227 228 0.00049946
227 287 0.44149
228 168 0.00199914
228 227 0.00049946
228 228 -0.00460124
228 229 9.73988e-05
228 288 0.00200524
229 169 0.00048342
229 228 9.73988e-05
229 229 -0.00113356
229 230 6.9307e-05
229 289 0.000483437
230 170 0.000264295
230 229 6.9307e-05
230 230 -0.00112012
230 231 0.000136771
230 290 0.000649752
231 171 0.000272794
231 230 0.000136771
231 231 -0.00414097
231 232 0.000271821
231 291 0.00345959
232 172 0.000813837
232 231 0.000271821
232 232 -0.0027594
232 233 8.86562e-05
232 292 0.00158509
233 173 0.000402088
233 232 8.86562e-05
233 233 -0.000982351
233 234 3.48182e-05
233 293 0.000456789
234 174 0.000146524
234 233 3.48182e-05
234 234 -0.000431772
234 235 5.00888e-05
234 294 0.00020034
235 175 0.00323235
235 234 5.00888e-05
235 235 -2.54237
235 236 1.61128
235 295 0.927812
236 176 9.59217
236 235 1.61128
236 236 -16.3392
236 237 3.22613
236 296 1.90967
237 177 9.02524
237 236 3.22613
237 237 -16.1287
237 238 2.11554
237 297 1.7618
238 178 0.00287018
238 237 2.11554
238 238 -5.74707
238 239 2.46482
238 298 1.16384
239 179 0.000386336
239 238 2.46482
239 239 -14.4409
239 299 3.33486
240 180 0.000603368
240 240 -0.693974
240 241 0.00106298
240 300 0.00110814
241 181 0.000489034
241 240 0.00106298
241 241 -0.00354777
241 242 0.00106454
241 301 0.000931204
242 182 0.000811169
242 241 0.00106454
242 242 -5.50209
242 243 2.79134
242 302 2.70887
243 183 0.610069
243 242 2.79134
243 243 -10.4354
243 244 2.19971
243 303 4.83428
244 184 0.616654
244 243 2.19971
244 244 -5.59396
244 245 1.45058
244 304 1.32702
245 185 0.35096
245 244 1.45058
245 245 -3.78045
245 246 0.0718108
245 305 1.90711
246 186 0.109366
246 245 0.0718108
246 246 -0.513684
246 247 0.0410657
246 306 0.291442
247 187 0.117737
247 246 0.0410657
247 247 -0.555675
247 248 0.0589287
247 307 0.337943
248 188 0.0714538
248 247 0.0589287
248 248 -0.808078
248 249 0.0507578
248 308 0.626938
249 189 0.196229
249 248 0.0507578
249 249 -0.577906
249 250 0.0441487
249 309 0.286771
250 190 0.346549
250 249 0.0441487
250 250 -0.814907
250 251 0.000428517
250 310 0.423781
251 191 0.00171249
251 250 0.000428517
251 251 -0.00407472
251 252 0.000214032
251 311 0.00171968
252 192 0.00170058
252 251 0.000214032
252 252 -0.00404345
252 253 0.00042592
252 312 0.00170292
253 193 5.30842
253 252 0.00042592
253 253 -8.45591
253 254 0.497995
253 313 2.64906
254 194 1.46064
254 253 0.497995
254 254 -4.09569
254 255 0.48619
254 314 1.65087
255 195 2.72104
255 254 0.48619
255 255 -6.82207
255 256 0.771073
255 315 2.84377
256 196 2.19906
256 255 0.771073
256 256 -6.22329
256 257 0.771289
256 316 2.48187
257 197 4.36304
257 256 0.771289
257 257 -9.39154
257 258 1.31322
257 317 2.944
258 198 5.8318
258 257 1.31322
258 258 -9.17952
258 259 0.000726283
258 318 2.03378
259 199 0.00152388
259 258 0.000726283
259 259 -0.00516194
259 260 7.58987e-06
259 319 0.00290418
260 200 3.04858e-05
260 259 7.58987e-06
260 260 -7.59458e-05
260 261 7.19544e-06
260 320 3.06747e-05
261 201 0.000340465
261 260 7.19544e-06
261 261 -0.000850685
261 262 3.84089e-05
261 321 0.000464615
262 202 0.000189208
262 261 3.84089e-05
262 262 -0.000503306
262 263 4.63173e-05
262 322 0.000229371
263 203 0.000461039
263 262 4.63173e-05
263 263 -0.00153018
263 264 6.02812e-05
263 323 0.000962544
264 204 0.000287561
264 263 6.02812e-05
264 264 -0.000733396
264 265 6.39172e-05
264 324 0.000321636
265 205 0.000704147
265 264 6.39172e-05
265 265 -0.00205669
265 266 4.31336e-05
265 325 0.00124549
266 206 0.000140578
266 265 4.31336e-05
266 266 -0.000433977
266 267 5.00271e-05
266 326 0.000200239
267 207 0.245568
267 266 5.00271e-05
267 267 -0.486665
267 268 0.0202977
267 327 0.220749
268 208 0.115174
268 267 0.0202977
268 268 -0.24872
268 269 0.0259531
268 328 0.087295
269 209 0.737784
269 268 0.0259531
269 269 -1.27508
269 270 0.0852533
269 329 0.426086
270 210 0.441839
270 269 0.0852533
270 270 -1.00313
270 271 0.101084
270 330 0.37495
271 211 1.24128
271 270 0.101084
271 271 -2.16111
271 272 0.220751
271 331 0.597996
272 212 1.4463
272 271 0.220751
272 272 -3.58897
272 273 0.411691
272 332 1.51023
273 213 1.96388
273 272 0.411691
273 273 -8.20259
273 274 0.762991
273 333 5.06402
274 214 1.06352
274 273 0.762991
274 274 -5.28128
274 275 0.471715
274 334 2.98306
275 215 0.989545
275 274 0.471715
275 275 -4.36211
275 276 0.46437
275 335 2.43648
276 216 1.11042
276 275 0.46437
276 276 -2.27366
276 277 0.696283
276 336 0.00258522
277 217 6.63027
277 276 0.696283
277 277 -7.33031
277 278 0.00110439
277 337 0.00265403
278 218 0.00442018
278 277 0.00110439
278 278 -0.00643846
278 279 0.00026444
278 338 0.000649462
279 219 0.00139046
279 278 0.00026444
279 279 -0.00328591
279 280 0.000241116
279 339 0.0013899
280 220 0.00314768
280 279 0.000241116
280 280 -0.00447773
280 281 0.000250055
280 340 0.00083888
281 221 0.001465
281 280 0.000250055
281 281 -0.00241878
281 282 0.000366466
281 341 0.000337257
282 222 1.10124
282 281 0.000366466
282 282 -2.15368
282 283 1.05171
282 342 0.000361568
283 223 0.684051
283 282 1.05171
283 283 -2.77709
283 284 1.04001
283 343 0.00132086
284 224 0.534998
284 283 1.04001
284 284 -3.75698
284 285 2.18112
284 344 0.000855951
285 225 0.165904
285 284 2.18112
285 285 -4.4245
285 286 1.68032
285 345 0.397154
286 226 0.353662
286 285 1.68032
286 286 -3.838
286 287 0.681458
286 346 1.12256
287 227 0.44149
287 286 0.681458
287 287 -2.44155
287 288 0.59702
287 347 0.721586
288 228 0.00200524
288 287 0.59702
288 288 -1.95778
288 289 0.556686
288 348 0.802067
289 229 0.000483437
289 288 0.556686
289 289 -1.71878
289 290 0.581205
289 349 0.580409
290 230 0.000649752
290 289 0.581205
290 290 -2.16988
290 291 1.08572
290 350 0.502307
291 231 0.00345959
291 290 1.08572
291 291 -3.21879
291 292 1.18948
291 351 0.94013
292 232 0.00158509
292 291 1.18948
292 292 -3.94771
292 293 1.27822
292 352 1.47842
293 233 0.000456789
293 292 1.27822
293 293 -4.86057
293 294 0.456397
293 353 3.12549
294 234 0.00020034
294 293 0.456397
294 294 -1.80006
294 295 0.172734
294 354 1.17073
295 235 0.927812
295 294 0.172734
295 295 -2.18761
295 296 0.172855
295 355 0.914212
296 236 1.90967
296 295 0.172855
296 296 -3.83395
296 297 0.246607
296 356 1.50481
297 237 1.7618
297 296 0.246607
297 297 -3.05446
297 298 0.191036
297 357 0.85501
298 238 1.16384
298 297 0.191036
298 298 -2.62784
298 299 0.236371
298 358 1.03659
299 239 3.33486
299 298 0.236371
299 299 -4.8634
299 359 0.369428
300 240 0.00110814
300 300 -0.00250901
300 301 0.000143587
300 360 0.000980142
301 241 0.000931204
301 300 0.000143587
301 301 -0.00244637
301 302 0.00029783
301 361 0.00107375
302 242 2.70887
302 301 0.00029783
302 302 -3.22581
302 303 0.513926
302 362 0.00271454
303 243 4.83428
303 302 0.513926
303 303 -5.64829
303 304 0.295239
303 363 0.00484262
304 244 1.32702
304 303 0.295239
304 304 -1.84893
304 305 0.226126
304 364 0.000543389
305 245 1.90711
305 304 0.226126
305 305 -3.66247
305 306 0.527203
305 365 1.00204
306 246 0.291442
306 305 0.527203
306 306 -2.83838
306 307 0.826481
306 366 1.19326
307 247 0.337943
307 306 0.826481
307 307 -2.65999
307 308 0.802004
307 367 0.693565
308 248 0.626938
308 307 0.802004
308 308 -3.91205
308 309 1.59437
308 368 0.888743
309 249 0.286771
309 308 1.59437
309 309 -3.95888
309 310 1.3577
309 369 0.720045
310 250 0.423781
310 309 1.3577
310 310 -2.6589
310 311 0.549194
310 370 0.32823
311 251 0.00171968
311 310 0.549194
311 311 -0.918923
311 312 0.366505
311 371 0.00150446
312 252 0.00170292
312 311 0.366505
312 312 -0.763677
312 313 0.390839
312 372 0.00462989
313 253 2.64906
313 312 0.390839
313 313 -3.5614
313 314 0.519513
313 373 0.00198368
314 254 1.65087
314 313 0.519513
314 314 -2.73788
314 315 0.564099
314 374 0.00339769
315 255 2.84377
315 314 0.564099
315 315 -6.52989
315 316 0.58093
315 375 2.54109
316 256 2.48187
316 315 0.58093
316 316 -5.35274
316 317 0.597423
316 376 1.69252
317 257 2.944
317 316 0.597423
317 317 -6.22074
317 318 0.390017
317 377 2.2893
318 258 2.03378
318 317 0.390017
318 318 -3.49722
318 319 0.413762
318 378 0.659665
319 259 0.00290418
319 318 0.413762
319 319 -1.18648
319 320 0.0425103
319 379 0.727307
320 260 3.06747e-05
320 319 0.0425103
320 320 -0.193499
320 321 0.0301644
320 380 0.120793
321 261 0.000464615
321 320 0.0301644
321 321 -0.314455
321 322 0.0791023
321 381 0.204724
322 262 0.000229371
322 321 0.0791023
322 322 -0.752565
322 323 0.226883
322 382 0.44635
323 263 0.000962544
323 322 0.226883
323 323 -1.67679
323 324 0.318274
323 383 1.13067
324 264 0.000321636
324 323 0.318274
324 324 -1.7622
324 325 0.365885
324 384 1.07772
325 265 0.00124549
325 324 0.365885
325 325 -1.8776
325 326 0.253162
325 385 1.25731
326 266 0.000200239
326 325 0.253162
326 326 -1.55378
326 327 0.195805
326 386 1.10461
327 267 0.220749
327 326 0.195805
327 327 -1.43486
327 328 0.0681432
327 387 0.950159
328 268 0.087295
328 327 0.0681432
328 328 -0.534844
328 329 0.0599578
328 388 0.319448
329 269 0.426086
329 328 0.0599578
329 329 -1.22271
329 330 0.120104
329 389 0.616562
330 270 0.37495
330 329 0.120104
330 330 -1.26826
330 331 0.13397
330 390 0.639231
331 271 0.597996
331 330 0.13397
331 331 -1.7162
331 332 0.208003
331 391 0.776228
332 272 1.51023
332 331 0.208003
332 332 -5.29772
332 333 0.990603
332 392 2.58888
333 273 5.06402
333 332 0.990603
333 333 -7.27501
333 334 1.21927
333 393 0.00111396
334 274 2.98306
334 333 1.21927
334 334 -5.36635
334 335 1.15916
334 394 0.00485444
335 275 2.43648
335 334 1.15916
335 335 -3.59963
335 336 0.000646519
335 395 0.00334975
336 276 0.00258522
336 335 0.000646519
336 336 -0.00410075
336 337 0.000327551
336 396 0.000541455
337 277 0.00265403
337 336 0.000327551
337 337 -0.00340787
337 338 0.000147916
337 397 0.000278374
338 278 0.000649462
338 337 0.000147916
338 338 -0.001044
338 339 0.000190285
338 398 5.63378e-05
339 279 0.0013899
339 338 0.000190285
339 339 -0.00217347
339 340 0.000285814
339 399 0.000307471
340 280 0.00083888
340 339 0.000285814
340 340 -0.00178513
340 341 7.91794e-05
340 400 0.000581257
341 281 0.000337257
341 340 7.91794e-05
341 341 -0.000835895
341 342 4.95183e-05
341 401 0.000369941
342 282 0.000361568
342 341 4.95183e-05
342 342 -0.000804024
342 343 7.09708e-05
342 402 0.000321967
343 283 0.00132086
343 342 7.09708e-05
343 343 -0.00245333
343 344 0.000129861
343 403 0.000931632
344 284 0.000855951
344 343 0.000129861
344 344 -0.0014944
344 345 0.000213549
344 404 0.000295043
345 285 0.397154
345 344 0.000213549
345 345 -0.4747
345 346 0.0766881
345 405 0.000644043
346 286 1.12256
346 345 0.0766881
346 346 -1.33186
346 347 0.130904
346 406 0.00171553
347 287 0.721586
347 346 0.130904
347 347 -1.42985
347 348 0.112924
347 407 0.464438
348 288 0.802067
348 347 0.112924
348 348 -1.19764
348 349 0.0991821
348 408 0.183465
349 289 0.580409
349 348 0.0991821
349 349 -1.13693
349 350 0.076136
349 409 0.381204
350 290 0.502307
350 349 0.076136
350 350 -1.09396
350 351 0.0885195
350 410 0.427002
351 291 0.94013
351 350 0.0885195
351 351 -1.54164
351 352 0.163409
351 411 0.349583
352 292 1.47842
352 351 0.163409
352 352 -3.12207
352 353 0.312201
352 412 1.16805
353 293 3.12549
353 352 0.312201
353 353 -6.61249
353 354 0.399139
353 413 2.77566
354 294 1.17073
354 353 0.399139
354 354 -4.12232
354 355 0.499307
354 414 2.05314
355 295 0.914212
355 354 0.499307
355 355 -2.21869
355 356 0.801092
355 415 0.00408058
356 296 1.50481
356 355 0.801092
356 356 -2.61178
356 357 0.304746
356 416 0.0011255
357 297 0.85501
357 356 0.304746
357 357 -1.46909
357 358 0.3028
357 417 0.00653213
358 298 1.03659
358 357 0.3028
358 358 -1.4361
358 359 0.0956414
358 418 0.001064
359 299 0.369428
359 358 0.0956414
359 359 -0.569097
359 419 0.00139908
360 300 0.000980142
360 360 -0.0126618
360 361 0.00118785
360 420 0.00837882
361 301 0.00107375
361 360 0.00118785
361 361 -0.0136042
361 362 0.000543132
361 421 0.0107995
362 302 0.00271454
362 361 0.000543132
362 362 -0.0064092
362 363 0.000435237
362 422 0.00271629
363 303 0.00484262
363 362 0.000435237
363 363 -0.0102438
363 364 0.000122192
363 423 0.0048438
364 304 0.000543389
364 363 0.000122192
364 364 -0.00134495
364 365 0.000135855
364 424 0.000543508
365 305 1.00204
365 364 0.000135855
365 365 -2.13215
365 366 0.18358
365 425 0.9464
366 306 1.19326
366 365 0.18358
366 366 -2.42895
366 367 0.12643
366 426 0.92568
367 307 0.693565
367 366 0.12643
367 367 -0.931793
367 368 0.11085
367 427 0.000947702
368 308 0.888743
368 367 0.11085
368 368 -1.4022
368 369 0.106059
368 428 0.296546
369 309 0.720045
369 368 0.106059
369 369 -1.4244
369 370 0.0588054
369 429 0.539491
370 310 0.32823
370 369 0.0588054
370 370 -0.666996
370 371 0.000374653
370 430 0.279586
371 311 0.00150446
371 370 0.000374653
371 371 -0.00366682
371 372 0.000284092
371 431 0.00150362
372 312 0.00462989
372 371 0.000284092
372 372 -0.00989031
372 373 0.000347482
372 432 0.00462884
373 313 0.00198368
373 372 0.000347482
373 373 -0.00462878
373 374 0.000313303
373 433 0.00198431
374 314 0.00339769
374 373 0.000313303
374 374 -0.00795966
374 375 0.000849565
374 434 0.00339911
375 315 2.54109
375 374 0.000849565
375 375 -6.79306
375 376 0.451244
375 435 3.79987
376 316 1.69252
376 375 0.451244
376 376 -2.55622
376 377 0.410383
376 436 0.00207231
377 317 2.2893
377 376 0.410383
377 377 -2.89528
377 378 0.190587
377 437 0.00501018
378 318 0.659665
378 377 0.190587
378 378 -0.96197
378 379 0.109331
378 438 0.00238698
379 319 0.727307
379 378 0.109331
379 379 -0.904488
379 380 0.0662673
379 439 0.00158311
380 320 0.120793
380 379 0.0662673
380 380 -0.24064
380 381 0.0512787
380 440 0.0023009
381 321 0.204724
381 380 0.0512787
381 381 -0.322217
381 382 0.0630586
381 441 0.00315644
382 322 0.44635
382 381 0.0630586
382 382 -0.635943
382 383 0.123582
382 442 0.00295202
383 323 1.13067
383 382 0.123582
383 383 -1.50022
383 384 0.243467
383 443 0.00250306
384 324 1.07772
384 383 0.243467
384 384 -1.56321
384 385 0.240394
384 444 0.00162605
385 325 1.25731
385 384 0.240394
385 385 -1.84981
385 386 0.350563
385 445 0.00155004
386 326 1.10461
386 385 0.350563
386 386 -3.20827
386 387 0.367123
386 446 1.38597
387 327 0.950159
387 386 0.367123
387 387 -4.09039
387 388 0.486273
387 447 2.28683
388 328 0.319448
388 387 0.486273
388 388 -2.33411
388 389 0.429035
388 448 1.09935
389 329 0.616562
389 388 0.429035
389 389 -2.83383
389 390 0.226296
389 449 1.56194
390 330 0.639231
390 389 0.226296
390 390 -1.79545
390 391 0.253402
390 450 0.676516
391 331 0.776228
391 390 0.253402
391 391 -3.61281
391 392 0.528939
391 451 2.05424
392 332 2.58888
392 391 0.528939
392 392 -5.88528
392 393 0.000278449
392 452 2.76718
393 333 0.00111396
393 392 0.000278449
393 393 -0.00273271
393 394 0.000226554
393 453 0.00111375
394 334 0.00485444
394 393 0.000226554
394 394 -0.0104217
394 395 0.000495726
394 454 0.00484498
395 335 0.00334975
395 394 0.000495726
395 395 -0.0073358
395 396 0.000142149
395 455 0.00334818
396 336 0.000541455
396 395 0.000142149
396 396 -0.00142171
396 397 5.34654e-05
396 456 0.000684638
397 337 0.000278374
397 396 5.34654e-05
397 397 -0.000655405
397 398 1.27212e-05
397 457 0.000310844
398 338 5.63378e-05
398 397 1.27212e-05
398 398 -0.000142588
398 399 1.26977e-05
398 458 6.08316e-05
399 339 0.000307471
399 398 1.26977e-05
399 399 -0.000688215
399 400 6.10045e-05
399 459 0.000307042
400 340 0.000581257
400 399 6.10045e-05
400 400 -0.00201841
400 401 0.000197447
400 460 0.0011787
401 341 0.000369941
401 400 0.000197447
401 401 -0.0032376
401 402 0.000328772
401 461 0.00234144
402 342 0.000321967
402 401 0.000328772
402 402 -0.00206778
402 403 0.00038068
402 462 0.00103636
403 343 0.000931632
403 402 0.00038068
403 403 -0.00304135
403 404 9.85187e-05
403 463 0.00163052
404 344 0.000295043
404 403 9.85187e-05
404 404 -0.000910061
404 405 6.62896e-05
404 464 0.000450209
405 345 0.000644043
405 404 6.62896e-05
405 405 -0.00147263
405 406 0.000117242
405 465 0.00064506
406 346 0.00171553
406 405 0.000117242
406 406 -0.00397893
406 407 0.000428704
406 466 0.00171745
407 347 0.464438
407 406 0.000428704
407 407 -1.31453
407 408 0.0463831
407 467 0.803284
408 348 0.183465
408 407 0.0463831
408 408 -0.488779
408 409 0.0450185
408 468 0.213912
409 349 0.381204
409 408 0.0450185
409 409 -1.31733
409 410 0.14867
409 469 0.742436
410 350 0.427002
410 409 0.14867
410 410 -1.43382
410 411 0.105121
410 470 0.753027
411 351 0.349583
411 410 0.105121
411 411 -1.09301
411 412 0.114323
411 471 0.523985
412 352 1.16805
412 411 0.114323
412 412 -1.88414
412 413 0.601481
412 472 0.000286914
413 353 2.77566
413 412 0.601481
413 413 -4.50867
413 414 1.1313
413 473 0.000230075
414 354 2.05314
414 413 1.1313
414 414 -3.18787
414 415 0.0010202
414 474 0.00241157
415 355 0.00408058
415 414 0.0010202
415 415 -0.00676963
415 416 0.000220606
415 475 0.00144825
416 356 0.0011255
416 415 0.000220606
416 416 -0.0025571
416 417 0.000240209
416 476 0.000970782
417 357 0.00653213
417 416 0.000240209
417 417 -0.00806628
417 418 0.000228914
417 477 0.00106503
418 358 0.001064
418 417 0.000228914
418 418 -0.0021364
418 419 0.000151332
418 478 0.000692152
419 359 0.00139908
419 418 0.000151332
419 419 -0.00300419
419 479 0.00110282
420 360 0.00837882
420 420 -0.403485
420 421 0.168824
420 480 0.00749523
421 361 0.0107995
421 420 0.168824
421 421 -0.738582
421 422 0.55095
421 481 0.00800905
422 362 0.00271629
422 421 0.55095
422 422 -1.81291
422 423 1.25493
422 482 0.00430777
423 363 0.0048438
423 422 1.25493
423 423 -1.90713
423 424 0.634271
423 483 0.0130814
424 364 0.000543508
424 423 0.634271
424 424 -3.64014
424 425 0.328095
424 484 2.67723
425 365 0.9464
425 424 0.328095
425 425 -3.75097
425 426 0.322533
425 485 2.15395
426 366 0.92568
426 425 0.322533
426 426 -4.01991
426 427 0.000237127
426 486 2.77146
427 367 0.000947702
427 426 0.000237127
427 427 -0.0023702
427 428 0.000236675
427 487 0.000948698
428 368 0.296546
428 427 0.000236675
428 428 -0.783415
428 429 0.0871514
428 488 0.399481
429 369 0.539491
429 428 0.0871514
429 429 -2.25229
429 430 0.212043
429 489 1.41361
430 370 0.279586
430 429 0.212043
430 430 -1.85355
430 431 0.184265
430 490 1.17765
431 371 0.00150362
431 430 0.184265
431 431 -0.414162
431 432 0.226694
431 491 0.00169971
432 372 0.00462884
432 431 0.226694
432 432 -0.706935
432 433 0.473395
432 492 0.00221742
433 373 0.00198431
433 432 0.473395
433 433 -1.74996
433 434 1.26864
433 493 0.00594277
434 374 0.00339911
434 433 1.26864
434 434 -2.60036
434 435 1.31962
434 494 0.00870993
435 375 3.79987
435 434 1.31962
435 435 -5.12268
435 436 0.000518389
435 495 0.00266784
436 376 0.00207231
436 435 0.000518389
436 436 -0.00399285
436 437 0.000366817
436 496 0.00103533
437 377 0.00501018
437 436 0.000366817
437 437 -0.00793894
437 438 0.000405041
437 497 0.0021569
438 378 0.00238698
438 437 0.000405041
438 438 -0.00542327
438 439 0.000238477
438 498 0.00239277
439 379 0.00158311
439 438 0.000238477
439 439 -0.00364259
439 440 0.000235292
439 499 0.00158571
440 380 0.0023009
440 439 0.000235292
440 440 -0.00518224
440 441 0.000334874
440 500 0.00231117
441 381 0.00315644
441 440 0.000334874
441 441 -0.00705211
441 442 0.000383671
441 501 0.00317712
442 382 0.00295202
442 441 0.000383671
442 442 -0.00664116
442 443 0.000339564
442 502 0.00296591
443 383 0.00250306
443 442 0.000339564
443 443 -0.00559403
443 444 0.000246677
443 503 0.00250472
444 384 0.00162605
444 443 0.000246677
444 444 -0.00346826
444 445 0.000198556
444 504 0.00139698
445 385 0.00155004
445 444 0.000198556
445 445 -0.00346907
445 446 0.000387505
445 505 0.00133297
446 386 1.38597
446 445 0.000387505
446 446 -1.92887
446 447 0.523196
446 506 0.0193148
447 387 2.28683
447 446 0.523196
447 447 -3.11783
447 448 0.300193
447 507 0.00760621
448 388 1.09935
448 447 0.300193
448 448 -1.65921
448 449 0.25849
448 508 0.00116997
449 389 1.56194
449 448 0.25849
449 449 -2.08223
449 450 0.246635
449 509 0.0151687
450 390 0.676516
450 449 0.246635
450 450 -1.18282
450 451 0.255523
450 510 0.00414917
451 391 2.05424
451 450 0.255523
451 451 -3.87645
451 452 0.665722
451 511 0.900968
452 392 2.76718
452 451 0.665722
452 452 -6.27027
452 453 0.627081
452 512 2.21029
453 393 0.00111375
453 452 0.627081
453 453 -2.43929
453 454 0.321233
453 513 1.48986
454 394 0.00484498
454 453 0.321233
454 454 -2.17605
454 455 0.329962
454 514 1.52001
455 395 0.00334818
455 454 0.329962
455 455 -3.49856
455 456 0.4347
455 515 2.73055
456 396 0.000684638
456 455 0.4347
456 456 -3.11902
456 457 0.142821
456 516 2.54081
457 397 0.000310844
457 456 0.142821
457 457 -0.906421
457 458 0.0678601
457 517 0.695429
458 398 6.08316e-05
458 457 0.0678601
458 458 -0.108771
458 459 0.03507
458 518 0.00577984
459 399 0.000307042
459 458 0.03507
459 459 -0.082675
459 460 0.034643
459 519 0.012655
460 400 0.0011787
460 459 0.034643
460 460 -0.0650707
460 461 0.0268289
460 520 0.00242006
461 401 0.00234144
461 460 0.0268289
461 461 -0.0310268
461 462 0.00039582
461 521 0.00146073
462 402 0.00103636
462 461 0.00039582
462 462 -0.00248029
462 463 0.000271297
462 522 0.000776817
463 403 0.00163052
463 462 0.000271297
463 463 -0.00471872
463 464 0.000842025
463 523 0.00197488
464 404 0.000450209
464 463 0.000842025
464 464 -2.49431
464 465 2.4891
464 524 0.00391637
465 405 0.00064506
465 464 2.4891
465 465 -4.06842
465 466 1.57806
465 525 0.000613902
466 406 0.00171745
466 465 1.57806
466 466 -2.29619
466 467 0.715468
466 526 0.00095068
467 407 0.803284
467 466 0.715468
467 467 -1.99182
467 468 0.471876
467 527 0.00119078
468 408 0.213912
468 467 0.471876
468 468 -1.22209
468 469 0.533677
468 528 0.00262711
469 409 0.742436
469 468 0.533677
469 469 -1.52993
469 470 0.251682
469 529 0.00213659
470 410 0.753027
470 469 0.251682
470 470 -1.82355
470 471 0.291306
470 530 0.527533
